time az el temp press Wpress MNaz MNel QLaz QLel ATaz ATel INaz INel STaz STel TDaz TDel ASaz ASel
201123094000  268.45222   89.99906   5.9  864.0   8.5   8.3   9.2   0.0   0.0   0.0  278.4  -21.1  632.4   0.0   0.0   0.0   0.0   0.0   0.0
201123094001  268.45222   89.99906   5.9  864.0   8.5   8.3   9.2   0.0   0.0   0.0  278.4  -21.1  632.4   0.0   0.0   0.0   0.0   0.0   0.0
201123094002  268.45222   89.99906   5.9  864.0   8.5   8.3   9.2   0.0   0.0   0.0  278.4  -21.1  632.4   0.0   0.0   0.0   0.0   0.0   0.0
201123094003  268.45222   89.99906   5.9  864.0   8.5   8.3   9.2   0.0   0.0   0.0  278.4  -21.1  632.4   0.0   0.0   0.0   0.0   0.0   0.0
201123094004  268.45222   89.99906   5.9  864.0   8.5   8.3   9.2   0.0   0.0   0.0  278.4  -21.1  632.4   0.0   0.0   0.0   0.0   0.0   0.0
201123094005  268.45222   89.99906   5.9  864.0   8.5   8.3   9.2   0.0   0.0   0.0  278.4  -21.1  632.4   0.0   0.0   0.0   0.0   0.0   0.0
201123094006  268.45222   89.99906   5.9  864.0   8.5   8.3   9.2   0.0   0.0   0.0  278.4  -21.1  632.4   0.0   0.0   0.0   0.0   0.0   0.0
201123094007  268.45222   89.99906   5.9  864.0   8.5   8.3   9.2   0.0   0.0   0.0  278.4  -21.1  632.4   0.0   0.0   0.0   0.0   0.0   0.0
201123094008  268.45222   89.99906   5.9  864.0   8.5   8.3   9.2   0.0   0.0   0.0  278.4  -21.1  632.4   0.0   0.0   0.0   0.0   0.0   0.0
201123094009  268.45222   89.99906   5.9  864.0   8.5   8.3   9.2   0.0   0.0   0.0  278.4  -21.1  632.4   0.0   0.0   0.0   0.0   0.0   0.0
201123094010  268.45222   89.99906   5.9  864.0   8.5   8.3   9.2   0.0   0.0   0.0  278.4  -21.1  632.4   0.0   0.0   0.0   0.0   0.0   0.0
201123094011  268.45222   89.99906   5.9  864.0   8.5   8.3   9.2   0.0   0.0   0.0  278.4  -21.1  632.4   0.0   0.0   0.0   0.0   0.0   0.0
201123094012  268.45222   89.99906   5.9  864.0   8.5   8.3   9.2   0.0   0.0   0.0  278.4  -21.1  632.4   0.0   0.0   0.0   0.0   0.0   0.0
201123094013  268.45222   89.99906   5.9  864.0   8.5   8.3   9.2   0.0   0.0   0.0  278.4  -21.1  632.4   0.0   0.0   0.0   0.0   0.0   0.0
201123094014  268.45222   89.99906   5.9  864.0   8.5   8.3   9.2   0.0   0.0   0.0  278.4  -21.1  632.4   0.0   0.0   0.0   0.0   0.0   0.0
201123094015  268.45222   89.99906   5.9  864.0   8.5   8.3   9.2   0.0   0.0   0.0  278.4  -21.1  632.4   0.0   0.0   0.0   0.0   0.0   0.0
201123094016  268.45222   89.99906   5.9  864.0   8.5   8.3   9.2   0.0   0.0   0.0  278.4  -21.1  632.4   0.0   0.0   0.0   0.0   0.0   0.0
201123094017  268.45222   89.99906   5.9  864.0   8.5   8.3   9.2   0.0   0.0   0.0  278.4  -21.1  632.4   0.0   0.0   0.0   0.0   0.0   0.0
201123094018  268.45222   89.99906   5.9  864.0   8.5   8.3   9.2   0.0   0.0   0.0  278.4  -21.1  632.4   0.0   0.0   0.0   0.0   0.0   0.0
201123094019  268.45222   89.99906   5.9  864.0   8.5   8.3   9.2   0.0   0.0   0.0  278.4  -21.1  632.4   0.0   0.0   0.0   0.0   0.0   0.0
201123094020  268.45222   89.99906   5.9  864.0   8.5   8.3   9.2   0.0   0.0   0.0  278.4  -21.1  632.4   0.0   0.0   0.0   0.0   0.0   0.0
201123094021  268.45222   89.99906   5.9  864.0   8.5   8.3   9.2   0.0   0.0   0.0  278.4  -21.1  632.4   0.0   0.0   0.0   0.0   0.0   0.0
201123094022  268.45222   89.99906   5.9  864.0   8.5   8.3   9.2   0.0   0.0   0.0  278.4  -21.1  632.4   0.0   0.0   0.0   0.0   0.0   0.0
201123094023  268.45222   89.99906   5.9  864.0   8.5   8.3   9.2   0.0   0.0   0.0  278.4  -21.1  632.4   0.0   0.0   0.0   0.0   0.0   0.0
201123094024  268.45222   89.99906   5.9  864.0   8.5   8.3   9.2   0.0   0.0   0.0  278.4  -21.1  632.4   0.0   0.0   0.0   0.0   0.0   0.0
201123094025  268.45222   89.99906   5.9  864.0   8.5   8.3   9.2   0.0   0.0   0.0  278.4  -21.1  632.4   0.0   0.0   0.0   0.0   0.0   0.0
201123094026  268.45222   89.99906   5.9  864.0   8.5   8.3   9.2   0.0   0.0   0.0  278.4  -21.1  632.4   0.0   0.0   0.0   0.0   0.0   0.0
201123094027  268.45222   89.99906   5.9  864.0   8.5   8.3   9.2   0.0   0.0   0.0  278.4  -21.1  632.4   0.0   0.0   0.0   0.0   0.0   0.0
201123094028  268.45222   89.99906   5.9  864.0   8.5   8.3   9.2   0.0   0.0   0.0  278.4  -21.1  632.4   0.0   0.0   0.0   0.0   0.0   0.0
201123094029  268.45222   89.99906   5.9  864.0   8.5   8.3   9.2   0.0   0.0   0.0  278.4  -21.1  632.4   0.0   0.0   0.0   0.0   0.0   0.0
201123094030  268.45222   89.99906   5.9  864.0   8.5   8.3   9.2   0.0   0.0   0.0  278.4  -21.1  632.4   0.0   0.0   0.0   0.0   0.0   0.0
201123094031  268.45222   89.99906   5.9  864.0   8.5   8.3   9.2   0.0   0.0   0.0  278.4  -21.1  632.4   0.0   0.0   0.0   0.0   0.0   0.0
201123094032  268.45222   89.99906   5.9  864.0   8.5   8.3   9.2   0.0   0.0   0.0  278.4  -21.1  632.4   0.0   0.0   0.0   0.0   0.0   0.0
201123094033  268.45222   89.99906   5.9  864.0   8.5   8.3   9.2   0.0   0.0   0.0  278.4  -21.1  632.4   0.0   0.0   0.0   0.0   0.0   0.0
201123094034  268.45222   89.99906   5.9  864.0   8.5   8.3   9.2   0.0   0.0   0.0  278.4  -21.1  632.4   0.0   0.0   0.0   0.0   0.0   0.0
201123094035  268.45222   89.99906   5.9  864.0   8.5   8.3   9.2   0.0   0.0   0.0  278.4  -21.1  632.4   0.0   0.0   0.0   0.0   0.0   0.0
201123094036  268.45222   89.99906   5.9  864.0   8.5   8.3   9.2   0.0   0.0   0.0  278.4  -21.1  632.4   0.0   0.0   0.0   0.0   0.0   0.0
201123094037  268.45222   89.99906   5.9  864.0   8.5   8.3   9.2   0.0   0.0   0.0  278.4  -21.1  632.4   0.0   0.0   0.0   0.0   0.0   0.0
201123094038  268.45222   89.99906   5.9  864.0   8.5   8.3   9.2   0.0   0.0   0.0  278.4  -21.1  632.4   0.0   0.0   0.0   0.0   0.0   0.0
201123094039  268.45222   89.99906   5.9  864.0   8.5   8.3   9.2   0.0   0.0   0.0  278.4  -21.1  632.4   0.0   0.0   0.0   0.0   0.0   0.0
201123094040  268.45222   89.99906   5.9  864.0   8.5   8.3   9.2   0.0   0.0   0.0  278.4  -21.1  632.4   0.0   0.0   0.0   0.0   0.0   0.0
201123094041  268.45222   89.99906   5.9  864.0   8.5   8.3   9.2   0.0   0.0   0.0  278.4  -21.1  632.4   0.0   0.0   0.0   0.0   0.0   0.0
201123094042  268.45222   89.99906   5.9  864.0   8.5   8.3   9.2   0.0   0.0   0.0  278.4  -21.1  632.4   0.0   0.0   0.0   0.0   0.0   0.0
201123094043  268.45222   89.99906   5.9  864.0   8.5   8.3   9.2   0.0   0.0   0.0  278.4  -21.1  632.4   0.0   0.0   0.0   0.0   0.0   0.0
201123094044  268.45222   89.99906   5.9  864.0   8.5   8.3   9.2   0.0   0.0   0.0  278.4  -21.1  632.4   0.0   0.0   0.0   0.0   0.0   0.0
201123094045  268.45222   89.99906   5.9  864.0   8.5   8.3   9.2   0.0   0.0   0.0  278.4  -21.1  632.4   0.0   0.0   0.0   0.0   0.0   0.0
201123094046  268.45222   89.99906   5.9  864.0   8.5   8.3   9.2   0.0   0.0   0.0  278.4  -21.1  632.4   0.0   0.0   0.0   0.0   0.0   0.0
201123094047  268.45222   89.99906   5.9  864.0   8.5   8.3   9.2   0.0   0.0   0.0  278.4  -21.1  632.4   0.0   0.0   0.0   0.0   0.0   0.0
201123094048  268.45222   89.99906   5.9  864.0   8.5   8.3   9.2   0.0   0.0   0.0  278.4  -21.1  632.4   0.0   0.0   0.0   0.0   0.0   0.0
201123094049  268.45222   89.99906   5.9  864.0   8.5   8.3   9.2   0.0   0.0   0.0  278.4  -21.1  632.4   0.0   0.0   0.0   0.0   0.0   0.0
201123094050  268.45222   89.99906   5.9  864.0   8.5   8.3   9.2   0.0   0.0   0.0  278.4  -21.1  632.4   0.0   0.0   0.0   0.0   0.0   0.0
201123094051  268.45222   89.99906   5.9  864.0   8.5   8.3   9.2   0.0   0.0   0.0  278.4  -21.1  632.4   0.0   0.0   0.0   0.0   0.0   0.0
201123094052  268.45222   89.99906   5.9  864.0   8.5   8.3   9.2   0.0   0.0   0.0  278.4  -21.1  632.4   0.0   0.0   0.0   0.0   0.0   0.0
201123094053  268.45222   89.99906   5.9  864.0   8.5   8.3   9.2   0.0   0.0   0.0  278.4  -21.1  632.4   0.0   0.0   0.0   0.0   0.0   0.0
201123094054  268.45222   89.99906   5.9  864.0   8.5   8.3   9.2   0.0   0.0   0.0  278.4  -21.1  632.4   0.0   0.0   0.0   0.0   0.0   0.0
201123094055  268.45222   89.99906   5.9  864.0   8.5   8.3   9.2   0.0   0.0   0.0  278.4  -21.1  632.4   0.0   0.0   0.0   0.0   0.0   0.0
201123094056  268.45222   89.99906   5.9  864.0   8.5   8.3   9.2   0.0   0.0   0.0  278.4  -21.1  632.4   0.0   0.0   0.0   0.0   0.0   0.0
201123094057  268.45222   89.99906   5.9  864.0   8.5   8.3   9.2   0.0   0.0   0.0  278.4  -21.1  632.4   0.0   0.0   0.0   0.0   0.0   0.0
201123094058  268.45222   89.99906   5.9  864.0   8.5   8.3   9.2   0.0   0.0   0.0  278.4  -21.1  632.4   0.0   0.0   0.0   0.0   0.0   0.0
201123094059  268.45222   89.99906   5.9  864.0   8.5   8.3   9.2   0.0   0.0   0.0  278.4  -21.1  632.4   0.0   0.0   0.0   0.0   0.0   0.0
201123094100  268.45222   89.99906   5.5  864.0   8.2   8.3   9.2   0.0   0.0   0.0  278.4  -21.1  632.4   0.0   0.0   0.0   0.0   0.0   0.0
201123094101  268.45222   89.99906   5.5  864.0   8.2   8.3   9.2   0.0   0.0   0.0  278.4  -21.1  632.4   0.0   0.0   0.0   0.0   0.0   0.0
201123094102  268.45222   89.99906   5.5  864.0   8.2   8.3   9.2   0.0   0.0   0.0  278.4  -21.1  632.4   0.0   0.0   0.0   0.0   0.0   0.0
201123094103  268.45222   89.99906   5.5  864.0   8.2   8.3   9.2   0.0   0.0   0.0  278.4  -21.1  632.4   0.0   0.0   0.0   0.0   0.0   0.0
201123094104  268.45222   89.99906   5.5  864.0   8.2   8.3   9.2   0.0   0.0   0.0  278.4  -21.1  632.4   0.0   0.0   0.0   0.0   0.0   0.0
201123094105  268.45222   89.99906   5.5  864.0   8.2   8.3   9.2   0.0   0.0   0.0  278.4  -21.1  632.4   0.0   0.0   0.0   0.0   0.0   0.0
201123094106  268.45222   89.99906   5.5  864.0   8.2   8.3   9.2   0.0   0.0   0.0  278.4  -21.1  632.4   0.0   0.0   0.0   0.0   0.0   0.0
201123094107  268.45222   89.99906   5.5  864.0   8.2   8.3   9.2   0.0   0.0   0.0  278.4  -21.1  632.4   0.0   0.0   0.0   0.0   0.0   0.0
201123094108  268.45222   89.99906   5.5  864.0   8.2   8.3   9.2   0.0   0.0   0.0  278.4  -21.1  632.4   0.0   0.0   0.0   0.0   0.0   0.0
201123094109  268.45222   89.99906   5.5  864.0   8.2   8.3   9.2   0.0   0.0   0.0  278.4  -21.1  632.4   0.0   0.0   0.0   0.0   0.0   0.0
201123094110  268.45222   89.99906   5.5  864.0   8.2   8.3   9.2   0.0   0.0   0.0  278.4  -21.1  632.4   0.0   0.0   0.0   0.0   0.0   0.0
201123094111  268.45222   89.99906   5.5  864.0   8.2   8.3   9.2   0.0   0.0   0.0  278.4  -21.1  632.4   0.0   0.0   0.0   0.0   0.0   0.0
201123094112  268.45222   89.99906   5.5  864.0   8.2   8.3   9.2   0.0   0.0   0.0  278.4  -21.1  632.4   0.0   0.0   0.0   0.0   0.0   0.0
201123094113  268.45222   89.99906   5.5  864.0   8.2   8.3   9.2   0.0   0.0   0.0  278.4  -21.1  632.4   0.0   0.0   0.0   0.0   0.0   0.0
201123094114  268.45222   89.99906   5.5  864.0   8.2   8.3   9.2   0.0   0.0   0.0  278.4  -21.1  632.4   0.0   0.0   0.0   0.0   0.0   0.0
201123094115  268.45222   89.99906   5.5  864.0   8.2   8.3   9.2   0.0   0.0   0.0  278.4  -21.1  632.4   0.0   0.0   0.0   0.0   0.0   0.0
201123094116  268.45222   89.99906   5.5  864.0   8.2   8.3   9.2   0.0   0.0   0.0  278.4  -21.1  632.4   0.0   0.0   0.0   0.0   0.0   0.0
201123094117  268.45222   89.99906   5.5  864.0   8.2   8.3   9.2   0.0   0.0   0.0  278.4  -21.1  632.4   0.0   0.0   0.0   0.0   0.0   0.0
201123094118  268.45222   89.99906   5.5  864.0   8.2   8.3   9.2   0.0   0.0   0.0  278.4  -21.1  632.4   0.0   0.0   0.0   0.0   0.0   0.0
201123094119  268.45222   89.99906   5.5  864.0   8.2   8.3   9.2   0.0   0.0   0.0  278.4  -21.1  632.4   0.0   0.0   0.0   0.0   0.0   0.0
201123094120  268.45222   89.99906   5.5  864.0   8.2   8.3   9.2   0.0   0.0   0.0  278.4  -21.1  632.4   0.0   0.0   0.0   0.0   0.0   0.0
201123094121  268.45222   89.99906   5.5  864.0   8.2   8.3   9.2   0.0   0.0   0.0  278.4  -21.1  632.4   0.0   0.0   0.0   0.0   0.0   0.0
201123094122  268.45222   89.99906   5.5  864.0   8.2   8.3   9.2   0.0   0.0   0.0  278.4  -21.1  632.4   0.0   0.0   0.0   0.0   0.0   0.0
201123094123  268.45222   89.99906   5.5  864.0   8.2   8.3   9.2   0.0   0.0   0.0  278.4  -21.1  632.4   0.0   0.0   0.0   0.0   0.0   0.0
201123094124  268.45222   89.99906   5.5  864.0   8.2   8.3   9.2   0.0   0.0   0.0  278.4  -21.1  632.4   0.0   0.0   0.0   0.0   0.0   0.0
201123094125  268.45222   89.99906   5.5  864.0   8.2   8.3   9.2   0.0   0.0   0.0  278.4  -21.1  632.4   0.0   0.0   0.0   0.0   0.0   0.0
201123094126  268.45222   89.99906   5.5  864.0   8.2   8.3   9.2   0.0   0.0   0.0  278.4  -21.1  632.4   0.0   0.0   0.0   0.0   0.0   0.0
201123094127  268.45222   89.99906   5.5  864.0   8.2   8.3   9.2   0.0   0.0   0.0  278.4  -21.1  632.4   0.0   0.0   0.0   0.0   0.0   0.0
201123094128  268.45222   89.99906   5.5  864.0   8.2   8.3   9.2   0.0   0.0   0.0  278.4  -21.1  632.4   0.0   0.0   0.0   0.0   0.0   0.0
201123094129  268.45222   89.99906   5.5  864.0   8.2   8.3   9.2   0.0   0.0   0.0  278.4  -21.1  632.4   0.0   0.0   0.0   0.0   0.0   0.0
201123094130  268.45222   89.99906   5.5  864.0   8.2   8.3   9.2   0.0   0.0   0.0  278.4  -21.1  632.4   0.0   0.0   0.0   0.0   0.0   0.0
201123094131  268.45222   89.99906   5.5  864.0   8.2   8.3   9.2   0.0   0.0   0.0  278.4  -21.1  632.4   0.0   0.0   0.0   0.0   0.0   0.0
201123094132  268.45222   89.99906   5.5  864.0   8.2   8.3   9.2   0.0   0.0   0.0  278.4  -21.1  632.4   0.0   0.0   0.0   0.0   0.0   0.0
201123094133  268.45222   89.99906   5.5  864.0   8.2   8.3   9.2   0.0   0.0   0.0  278.4  -21.1  632.4   0.0   0.0   0.0   0.0   0.0   0.0
201123094134  268.45222   89.99906   5.5  864.0   8.2   8.3   9.2   0.0   0.0   0.0  278.4  -21.1  632.4   0.0   0.0   0.0   0.0   0.0   0.0
201123094135  268.45222   89.99906   5.5  864.0   8.2   8.3   9.2   0.0   0.0   0.0  278.4  -21.1  632.4   0.0   0.0   0.0   0.0   0.0   0.0
201123094136  268.45222   89.99906   5.5  864.0   8.2   8.3   9.2   0.0   0.0   0.0  278.4  -21.1  632.4   0.0   0.0   0.0   0.0   0.0   0.0
201123094137  268.45222   89.99906   5.5  864.0   8.2   8.3   9.2   0.0   0.0   0.0  278.4  -21.1  632.4   0.0   0.0   0.0   0.0   0.0   0.0
201123094138  268.45222   89.99906   5.5  864.0   8.2   8.3   9.2   0.0   0.0   0.0  278.4  -21.1  632.4   0.0   0.0   0.0   0.0   0.0   0.0
201123094139  268.45222   89.99906   5.5  864.0   8.2   8.3   9.2   0.0   0.0   0.0  278.4  -21.1  632.4   0.0   0.0   0.0   0.0   0.0   0.0
201123094140  268.45222   89.99906   5.5  864.0   8.2   8.3   9.2   0.0   0.0   0.0  278.4  -21.1  632.4   0.0   0.0   0.0   0.0   0.0   0.0
201123094141  268.45222   89.99906   5.5  864.0   8.2   8.3   9.2   0.0   0.0   0.0  278.4  -21.1  632.4   0.0   0.0   0.0   0.0   0.0   0.0
201123094142  268.45222   89.99906   5.5  864.0   8.2   8.3   9.2   0.0   0.0   0.0  278.4  -21.1  632.4   0.0   0.0   0.0   0.0   0.0   0.0
201123094143  268.45222   89.99906   5.5  864.0   8.2   8.3   9.2   0.0   0.0   0.0  278.4  -21.1  632.4   0.0   0.0   0.0   0.0   0.0   0.0
201123094144  268.45222   89.99906   5.5  864.0   8.2   8.3   9.2   0.0   0.0   0.0  278.4  -21.1  632.4   0.0   0.0   0.0   0.0   0.0   0.0
201123094145  268.45222   89.99906   5.5  864.0   8.2   8.3   9.2   0.0   0.0   0.0  278.4  -21.1  632.4   0.0   0.0   0.0   0.0   0.0   0.0
201123094146  268.45222   89.99906   5.5  864.0   8.2   8.3   9.2   0.0   0.0   0.0  278.4  -21.1  632.4   0.0   0.0   0.0   0.0   0.0   0.0
201123094147  268.45222   89.99906   5.5  864.0   8.2   8.3   9.2   0.0   0.0   0.0  278.4  -21.1  632.4   0.0   0.0   0.0   0.0   0.0   0.0
201123094148  268.45222   89.99906   5.5  864.0   8.2   8.3   9.2   0.0   0.0   0.0  278.4  -21.1  632.4   0.0   0.0   0.0   0.0   0.0   0.0
201123094149  268.45222   89.99906   5.5  864.0   8.2   8.3   9.2   0.0   0.0   0.0  278.4  -21.1  632.4   0.0   0.0   0.0   0.0   0.0   0.0
201123094150  268.45222   89.99906   5.5  864.0   8.2   8.3   9.2   0.0   0.0   0.0  278.4  -21.1  632.4   0.0   0.0   0.0   0.0   0.0   0.0
201123094151  268.45222   89.99906   5.5  864.0   8.2   8.3   9.2   0.0   0.0   0.0  278.4  -21.1  632.4   0.0   0.0   0.0   0.0   0.0   0.0
201123094152  268.45222   89.99906   5.5  864.0   8.2   8.3   9.2   0.0   0.0   0.0  278.4  -21.1  632.4   0.0   0.0   0.0   0.0   0.0   0.0
201123094153  268.45222   89.99906   5.5  864.0   8.2   8.3   9.2   0.0   0.0   0.0  278.4  -21.1  632.4   0.0   0.0   0.0   0.0   0.0   0.0
201123094154  268.45222   89.99906   5.5  864.0   8.2   8.3   9.2   0.0   0.0   0.0  278.4  -21.1  632.4   0.0   0.0   0.0   0.0   0.0   0.0
201123094155  268.45222   89.99906   5.5  864.0   8.2   8.3   9.2   0.0   0.0   0.0  278.4  -21.1  632.4   0.0   0.0   0.0   0.0   0.0   0.0
201123094156  268.45222   89.99906   5.5  864.0   8.2   8.3   9.2   0.0   0.0   0.0  278.4  -21.1  632.4   0.0   0.0   0.0   0.0   0.0   0.0
201123094157  268.45222   89.99906   5.5  864.0   8.2   8.3   9.2   0.0   0.0   0.0  278.4  -21.1  632.4   0.0   0.0   0.0   0.0   0.0   0.0
201123094158  268.45222   89.99906   5.5  864.0   8.2   8.3   9.2   0.0   0.0   0.0  278.4  -21.1  632.4   0.0   0.0   0.0   0.0   0.0   0.0
201123094159  268.45222   89.99906   5.5  864.0   8.2   8.3   9.2   0.0   0.0   0.0  278.4  -21.1  632.4   0.0   0.0   0.0   0.0   0.0   0.0
201123094200  268.45222   89.99906   5.7  864.0   8.4   8.3   9.2   0.0   0.0   0.0  278.4  -21.1  632.4   0.0   0.0   0.0   0.0   0.0   0.0
201123094201  268.45222   89.99906   5.7  864.0   8.4   8.3   9.2   0.0   0.0   0.0  278.4  -21.1  632.4   0.0   0.0   0.0   0.0   0.0   0.0
201123094202  268.45222   89.99906   5.7  864.0   8.4   8.3   9.2   0.0   0.0   0.0  278.4  -21.1  632.4   0.0   0.0   0.0   0.0   0.0   0.0
201123094203  268.45222   89.99906   5.7  864.0   8.4   8.3   9.2   0.0   0.0   0.0  278.4  -21.1  632.4   0.0   0.0   0.0   0.0   0.0   0.0
201123094204  268.45222   89.99906   5.7  864.0   8.4   8.3   9.2   0.0   0.0   0.0  278.4  -21.1  632.4   0.0   0.0   0.0   0.0   0.0   0.0
201123094205  268.45222   89.99906   5.7  864.0   8.4   8.3   9.2   0.0   0.0   0.0  278.4  -21.1  632.4   0.0   0.0   0.0   0.0   0.0   0.0
201123094206  268.45222   89.99906   5.7  864.0   8.4   8.3   9.2   0.0   0.0   0.0  278.4  -21.1  632.4   0.0   0.0   0.0   0.0   0.0   0.0
201123094207  268.45222   89.99906   5.7  864.0   8.4   8.3   9.2   0.0   0.0   0.0  278.4  -21.1  632.4   0.0   0.0   0.0   0.0   0.0   0.0
201123094208  268.45222   89.99906   5.7  864.0   8.4   8.3   9.2   0.0   0.0   0.0  278.4  -21.1  632.4   0.0   0.0   0.0   0.0   0.0   0.0
201123094209  268.45222   89.99906   5.7  864.0   8.4   8.3   9.2   0.0   0.0   0.0  278.4  -21.1  632.4   0.0   0.0   0.0   0.0   0.0   0.0
201123094210  268.45222   89.99906   5.7  864.0   8.4   8.3   9.2   0.0   0.0   0.0  278.4  -21.1  632.4   0.0   0.0   0.0   0.0   0.0   0.0
201123094211  268.45222   89.99906   5.7  864.0   8.4   8.3   9.2   0.0   0.0   0.0  278.4  -21.1  632.4   0.0   0.0   0.0   0.0   0.0   0.0
201123094212  268.45222   89.99906   5.7  864.0   8.4   8.3   9.2   0.0   0.0   0.0  278.4  -21.1  632.4   0.0   0.0   0.0   0.0   0.0   0.0
201123094213  268.45222   89.99906   5.7  864.0   8.4   8.3   9.2   0.0   0.0   0.0  278.4  -21.1  632.4   0.0   0.0   0.0   0.0   0.0   0.0
201123094214  268.45222   89.99906   5.7  864.0   8.4   8.3   9.2   0.0   0.0   0.0  278.4  -21.1  632.4   0.0   0.0   0.0   0.0   0.0   0.0
201123094215  268.45222   89.99906   5.7  864.0   8.4   8.3   9.2   0.0   0.0   0.0  278.4  -21.1  632.4   0.0   0.0   0.0   0.0   0.0   0.0
201123094216  268.45222   89.99906   5.7  864.0   8.4   8.3   9.2   0.0   0.0   0.0  278.4  -21.1  632.4   0.0   0.0   0.0   0.0   0.0   0.0
201123094217  268.45222   89.99906   5.7  864.0   8.4   8.3   9.2   0.0   0.0   0.0  278.4  -21.1  632.4   0.0   0.0   0.0   0.0   0.0   0.0
201123094218  268.45222   89.99906   5.7  864.0   8.4   8.3   9.2   0.0   0.0   0.0  278.4  -21.1  632.4   0.0   0.0   0.0   0.0   0.0   0.0
201123094219  268.45222   89.99906   5.7  864.0   8.4   8.3   9.2   0.0   0.0   0.0  278.4  -21.1  632.4   0.0   0.0   0.0   0.0   0.0   0.0
201123094220  268.45222   89.99906   5.7  864.0   8.4   8.3   9.2   0.0   0.0   0.0  278.4  -21.1  632.4   0.0   0.0   0.0   0.0   0.0   0.0
201123094221  268.45222   89.99906   5.7  864.0   8.4   8.3   9.2   0.0   0.0   0.0  278.4  -21.1  632.4   0.0   0.0   0.0   0.0   0.0   0.0
201123094222  268.45222   89.99906   5.7  864.0   8.4   8.3   9.2   0.0   0.0   0.0  278.4  -21.1  632.4   0.0   0.0   0.0   0.0   0.0   0.0
201123094223  268.45222   89.99906   5.7  864.0   8.4   8.3   9.2   0.0   0.0   0.0  278.4  -21.1  632.4   0.0   0.0   0.0   0.0   0.0   0.0
201123094224  268.45222   89.99906   5.7  864.0   8.4   8.3   9.2   0.0   0.0   0.0  278.4  -21.1  632.4   0.0   0.0   0.0   0.0   0.0   0.0
201123094225  268.45222   89.99906   5.7  864.0   8.4   8.3   9.2   0.0   0.0   0.0  278.4  -21.1  632.4   0.0   0.0   0.0   0.0   0.0   0.0
201123094226  268.45222   89.99906   5.7  864.0   8.4   8.3   9.2   0.0   0.0   0.0  278.4  -21.1  632.4   0.0   0.0   0.0   0.0   0.0   0.0
201123094227  268.45222   89.99906   5.7  864.0   8.4   8.3   9.2   0.0   0.0   0.0  278.4  -21.1  632.4   0.0   0.0   0.0   0.0   0.0   0.0
201123094228  268.45222   89.99906   5.7  864.0   8.4   8.3   9.2   0.0   0.0   0.0  278.4  -21.1  632.4   0.0   0.0   0.0   0.0   0.0   0.0
201123094229  268.45222   89.99906   5.7  864.0   8.4   8.3   9.2   0.0   0.0   0.0  278.4  -21.1  632.4   0.0   0.0   0.0   0.0   0.0   0.0
201123094230  268.45222   89.99906   5.7  864.0   8.4   8.3   9.2   0.0   0.0   0.0  278.4  -21.1  632.4   0.0   0.0   0.0   0.0   0.0   0.0
201123094231  268.45222   89.99906   5.7  864.0   8.4   8.3   9.2   0.0   0.0   0.0  278.4  -21.1  632.4   0.0   0.0   0.0   0.0   0.0   0.0
201123094232  268.45222   89.99906   5.7  864.0   8.4   8.3   9.2   0.0   0.0   0.0  278.4  -21.1  632.4   0.0   0.0   0.0   0.0   0.0   0.0
201123094233  268.45222   89.99906   5.7  864.0   8.4   8.3   9.2   0.0   0.0   0.0  278.4  -21.1  632.4   0.0   0.0   0.0   0.0   0.0   0.0
201123094234  268.45222   89.99906   5.7  864.0   8.4   8.3   9.2   0.0   0.0   0.0  278.4  -21.1  632.4   0.0   0.0   0.0   0.0   0.0   0.0
201123094235  268.45222   89.99906   5.7  864.0   8.4   8.3   9.2   0.0   0.0   0.0  278.4  -21.1  632.4   0.0   0.0   0.0   0.0   0.0   0.0
201123094236  268.45222   89.99906   5.7  864.0   8.4   8.3   9.2   0.0   0.0   0.0  278.4  -21.1  632.4   0.0   0.0   0.0   0.0   0.0   0.0
201123094237  268.45222   89.99906   5.7  864.0   8.4   8.3   9.2   0.0   0.0   0.0  278.4  -21.1  632.4   0.0   0.0   0.0   0.0   0.0   0.0
201123094238  268.45222   89.99906   5.7  864.0   8.4   8.3   9.2   0.0   0.0   0.0  278.4  -21.1  632.4   0.0   0.0   0.0   0.0   0.0   0.0
201123094239  268.45222   89.99906   5.7  864.0   8.4   8.3   9.2   0.0   0.0   0.0  278.4  -21.1  632.4   0.0   0.0   0.0   0.0   0.0   0.0
201123094240  268.45222   89.99906   5.7  864.0   8.4   8.3   9.2   0.0   0.0   0.0  278.4  -21.1  632.4   0.0   0.0   0.0   0.0   0.0   0.0
201123094241  268.45222   89.99906   5.7  864.0   8.4   8.3   9.2   0.0   0.0   0.0  278.4  -21.1  632.4   0.0   0.0   0.0   0.0   0.0   0.0
201123094242  268.45222   89.99906   5.7  864.0   8.4   8.3   9.2   0.0   0.0   0.0  278.4  -21.1  632.4   0.0   0.0   0.0   0.0   0.0   0.0
201123094243  268.45222   89.99906   5.7  864.0   8.4   8.3   9.2   0.0   0.0   0.0  278.4  -21.1  632.4   0.0   0.0   0.0   0.0   0.0   0.0
201123094244  268.45222   89.99906   5.7  864.0   8.4   8.3   9.2   0.0   0.0   0.0  278.4  -21.1  632.4   0.0   0.0   0.0   0.0   0.0   0.0
201123094245  268.45222   89.99906   5.7  864.0   8.4   8.3   9.2   0.0   0.0   0.0  278.4  -21.1  632.4   0.0   0.0   0.0   0.0   0.0   0.0
201123094246  268.45222   89.99906   5.7  864.0   8.4   8.3   9.2   0.0   0.0   0.0  278.4  -21.1  632.4   0.0   0.0   0.0   0.0   0.0   0.0
201123094247  268.45222   89.99906   5.7  864.0   8.4   8.3   9.2   0.0   0.0   0.0  278.4  -21.1  632.4   0.0   0.0   0.0   0.0   0.0   0.0
201123094248  268.45222   89.99906   5.7  864.0   8.4   8.3   9.2   0.0   0.0   0.0  278.4  -21.1  632.4   0.0   0.0   0.0   0.0   0.0   0.0
201123094249  268.45222   89.99906   5.7  864.0   8.4   8.3   9.2   0.0   0.0   0.0  278.4  -21.1  632.4   0.0   0.0   0.0   0.0   0.0   0.0
201123094250  268.45222   89.99906   5.7  864.0   8.4   8.3   9.2   0.0   0.0   0.0  278.4  -21.1  632.4   0.0   0.0   0.0   0.0   0.0   0.0
201123094251  268.45222   89.99906   5.7  864.0   8.4   8.3   9.2   0.0   0.0   0.0  278.4  -21.1  632.4   0.0   0.0   0.0   0.0   0.0   0.0
201123094252  268.45222   89.99906   5.7  864.0   8.4   8.3   9.2   0.0   0.0   0.0  278.4  -21.1  632.4   0.0   0.0   0.0   0.0   0.0   0.0
201123094253  268.45222   89.99906   5.7  864.0   8.4   8.3   9.2   0.0   0.0   0.0  278.4  -21.1  632.4   0.0   0.0   0.0   0.0   0.0   0.0
201123094254  268.45222   89.99906   5.7  864.0   8.4   8.3   9.2   0.0   0.0   0.0  278.4  -21.1  632.4   0.0   0.0   0.0   0.0   0.0   0.0
201123094255  268.45222   89.99906   5.7  864.0   8.4   8.3   9.2   0.0   0.0   0.0  278.4  -21.1  632.4   0.0   0.0   0.0   0.0   0.0   0.0
201123094256  268.45222   89.99906   5.7  864.0   8.4   8.3   9.2   0.0   0.0   0.0  278.4  -21.1  632.4   0.0   0.0   0.0   0.0   0.0   0.0
201123094257  268.45222   89.99906   5.7  864.0   8.4   8.3   9.2   0.0   0.0   0.0  278.4  -21.1  632.4   0.0   0.0   0.0   0.0   0.0   0.0
201123094258  268.45222   89.99906   5.7  864.0   8.4   8.3   9.2   0.0   0.0   0.0  278.4  -21.1  632.4   0.0   0.0   0.0   0.0   0.0   0.0
201123094259  268.45222   89.99906   5.7  864.0   8.4   8.3   9.2   0.0   0.0   0.0  278.4  -21.1  632.4   0.0   0.0   0.0   0.0   0.0   0.0
201123094300  268.45222   89.99906   5.4  864.0   8.2   8.3   9.2   0.0   0.0   0.0  278.4  -21.1  632.4   0.0   0.0   0.0   0.0   0.0   0.0
201123094301  268.45222   89.99906   5.4  864.0   8.2   8.3   9.2   0.0   0.0   0.0  278.4  -21.1  632.4   0.0   0.0   0.0   0.0   0.0   0.0
201123094302  268.45222   89.99906   5.4  864.0   8.2   8.3   9.2   0.0   0.0   0.0  278.4  -21.1  632.4   0.0   0.0   0.0   0.0   0.0   0.0
201123094303  268.45222   89.99906   5.4  864.0   8.2   8.3   9.2   0.0   0.0   0.0  278.4  -21.1  632.4   0.0   0.0   0.0   0.0   0.0   0.0
201123094304  268.45222   89.99906   5.4  864.0   8.2   8.3   9.2   0.0   0.0   0.0  278.4  -21.1  632.4   0.0   0.0   0.0   0.0   0.0   0.0
201123094305  268.45222   89.99906   5.4  864.0   8.2   8.3   9.2   0.0   0.0   0.0  278.4  -21.1  632.4   0.0   0.0   0.0   0.0   0.0   0.0
201123094306  268.45222   89.99906   5.4  864.0   8.2   8.3   9.2   0.0   0.0   0.0  278.4  -21.1  632.4   0.0   0.0   0.0   0.0   0.0   0.0
201123094307  268.45222   89.99906   5.4  864.0   8.2   8.3   9.2   0.0   0.0   0.0  278.4  -21.1  632.4   0.0   0.0   0.0   0.0   0.0   0.0
201123094308  268.45222   89.99906   5.4  864.0   8.2   8.3   9.2   0.0   0.0   0.0  278.4  -21.1  632.4   0.0   0.0   0.0   0.0   0.0   0.0
201123094309  268.45222   89.99906   5.4  864.0   8.2   8.3   9.2   0.0   0.0   0.0  278.4  -21.1  632.4   0.0   0.0   0.0   0.0   0.0   0.0
201123094310  268.45222   89.99906   5.4  864.0   8.2   8.3   9.2   0.0   0.0   0.0  278.4  -21.1  632.4   0.0   0.0   0.0   0.0   0.0   0.0
201123094311  268.45222   89.99906   5.4  864.0   8.2   8.3   9.2   0.0   0.0   0.0  278.4  -21.1  632.4   0.0   0.0   0.0   0.0   0.0   0.0
201123094312  268.45222   89.99906   5.4  864.0   8.2   8.3   9.2   0.0   0.0   0.0  278.4  -21.1  632.4   0.0   0.0   0.0   0.0   0.0   0.0
201123094313  268.45222   89.99906   5.4  864.0   8.2   8.3   9.2   0.0   0.0   0.0  278.4  -21.1  632.4   0.0   0.0   0.0   0.0   0.0   0.0
201123094314  268.45222   89.99906   5.4  864.0   8.2   8.3   9.2   0.0   0.0   0.0  278.4  -21.1  632.4   0.0   0.0   0.0   0.0   0.0   0.0
201123094315  268.45222   89.99906   5.4  864.0   8.2   8.3   9.2   0.0   0.0   0.0  278.4  -21.1  632.4   0.0   0.0   0.0   0.0   0.0   0.0
201123094316  268.45222   89.99906   5.4  864.0   8.2   8.3   9.2   0.0   0.0   0.0  278.4  -21.1  632.4   0.0   0.0   0.0   0.0   0.0   0.0
201123094317  268.45222   89.99906   5.4  864.0   8.2   8.3   9.2   0.0   0.0   0.0  278.4  -21.1  632.4   0.0   0.0   0.0   0.0   0.0   0.0
201123094318  268.45222   89.99906   5.4  864.0   8.2   8.3   9.2   0.0   0.0   0.0  278.4  -21.1  632.4   0.0   0.0   0.0   0.0   0.0   0.0
201123094319  268.45222   89.99906   5.4  864.0   8.2   8.3   9.2   0.0   0.0   0.0  278.4  -21.1  632.4   0.0   0.0   0.0   0.0   0.0   0.0
201123094320  268.45222   89.99906   5.4  864.0   8.2   8.3   9.2   0.0   0.0   0.0  278.4  -21.1  632.4   0.0   0.0   0.0   0.0   0.0   0.0
201123094321  268.45222   89.99906   5.4  864.0   8.2   8.3   9.2   0.0   0.0   0.0  278.4  -21.1  632.4   0.0   0.0   0.0   0.0   0.0   0.0
201123094322  268.45222   89.99906   5.4  864.0   8.2   8.3   9.2   0.0   0.0   0.0  278.4  -21.1  632.4   0.0   0.0   0.0   0.0   0.0   0.0
201123094323  268.45222   89.99906   5.4  864.0   8.2   8.3   9.2   0.0   0.0   0.0  278.4  -21.1  632.4   0.0   0.0   0.0   0.0   0.0   0.0
201123094324  268.45222   89.99906   5.4  864.0   8.2   8.3   9.2   0.0   0.0   0.0  278.4  -21.1  632.4   0.0   0.0   0.0   0.0   0.0   0.0
201123094325  268.45222   89.99906   5.4  864.0   8.2   8.3   9.2   0.0   0.0   0.0  278.4  -21.1  632.4   0.0   0.0   0.0   0.0   0.0   0.0
201123094326  268.45222   89.99906   5.4  864.0   8.2   8.3   9.2   0.0   0.0   0.0  278.4  -21.1  632.4   0.0   0.0   0.0   0.0   0.0   0.0
201123094327  268.45222   89.99906   5.4  864.0   8.2   8.3   9.2   0.0   0.0   0.0  278.4  -21.1  632.4   0.0   0.0   0.0   0.0   0.0   0.0
201123094328  268.45222   89.99906   5.4  864.0   8.2   8.3   9.2   0.0   0.0   0.0  278.4  -21.1  632.4   0.0   0.0   0.0   0.0   0.0   0.0
201123094329  268.45222   89.99906   5.4  864.0   8.2   8.3   9.2   0.0   0.0   0.0  278.4  -21.1  632.4   0.0   0.0   0.0   0.0   0.0   0.0
201123094330  268.45222   89.99906   5.4  864.0   8.2   8.3   9.2   0.0   0.0   0.0  278.4  -21.1  632.4   0.0   0.0   0.0   0.0   0.0   0.0
201123094331  268.45222   89.99906   5.4  864.0   8.2   8.3   9.2   0.0   0.0   0.0  278.4  -21.1  632.4   0.0   0.0   0.0   0.0   0.0   0.0
201123094332  268.45222   89.99906   5.4  864.0   8.2   8.3   9.2   0.0   0.0   0.0  278.4  -21.1  632.4   0.0   0.0   0.0   0.0   0.0   0.0
201123094333  268.45222   89.99906   5.4  864.0   8.2   8.3   9.2   0.0   0.0   0.0  278.4  -21.1  632.4   0.0   0.0   0.0   0.0   0.0   0.0
201123094334  268.45222   89.99906   5.4  864.0   8.2   8.3   9.2   0.0   0.0   0.0  278.4  -21.1  632.4   0.0   0.0   0.0   0.0   0.0   0.0
201123094335  268.45222   89.99906   5.4  864.0   8.2   8.3   9.2   0.0   0.0   0.0  278.4  -21.1  632.4   0.0   0.0   0.0   0.0   0.0   0.0
201123094336  268.45222   89.99906   5.4  864.0   8.2   8.3   9.2   0.0   0.0   0.0  278.4  -21.1  632.4   0.0   0.0   0.0   0.0   0.0   0.0
201123094337  268.45222   89.99906   5.4  864.0   8.2   8.3   9.2   0.0   0.0   0.0  278.4  -21.1  632.4   0.0   0.0   0.0   0.0   0.0   0.0
201123094338  268.45222   89.99906   5.4  864.0   8.2   8.3   9.2   0.0   0.0   0.0  278.4  -21.1  632.4   0.0   0.0   0.0   0.0   0.0   0.0
201123094339  268.45222   89.99906   5.4  864.0   8.2   8.3   9.2   0.0   0.0   0.0  278.4  -21.1  632.4   0.0   0.0   0.0   0.0   0.0   0.0
201123094340  268.45222   89.99906   5.4  864.0   8.2   8.3   9.2   0.0   0.0   0.0  278.4  -21.1  632.4   0.0   0.0   0.0   0.0   0.0   0.0
201123094341  268.45222   89.99906   5.4  864.0   8.2   8.3   9.2   0.0   0.0   0.0  278.4  -21.1  632.4   0.0   0.0   0.0   0.0   0.0   0.0
201123094342  268.45222   89.99906   5.4  864.0   8.2   8.3   9.2   0.0   0.0   0.0  278.4  -21.1  632.4   0.0   0.0   0.0   0.0   0.0   0.0
201123094343  268.45222   89.99906   5.4  864.0   8.2   8.3   9.2   0.0   0.0   0.0  278.4  -21.1  632.4   0.0   0.0   0.0   0.0   0.0   0.0
201123094344  268.45222   89.99906   5.4  864.0   8.2   8.3   9.2   0.0   0.0   0.0  278.4  -21.1  632.4   0.0   0.0   0.0   0.0   0.0   0.0
201123094345  268.45222   89.99906   5.4  864.0   8.2   8.3   9.2   0.0   0.0   0.0  278.4  -21.1  632.4   0.0   0.0   0.0   0.0   0.0   0.0
201123094346  268.45222   89.99906   5.4  864.0   8.2   8.3   9.2   0.0   0.0   0.0  278.4  -21.1  632.4   0.0   0.0   0.0   0.0   0.0   0.0
201123094347  268.45222   89.99906   5.4  864.0   8.2   8.3   9.2   0.0   0.0   0.0  278.4  -21.1  632.4   0.0   0.0   0.0   0.0   0.0   0.0
201123094348  268.45222   89.99906   5.4  864.0   8.2   8.3   9.2   0.0   0.0   0.0  278.4  -21.1  632.4   0.0   0.0   0.0   0.0   0.0   0.0
201123094349  268.45222   89.99906   5.4  864.0   8.2   8.3   9.2   0.0   0.0   0.0  278.4  -21.1  632.4   0.0   0.0   0.0   0.0   0.0   0.0
201123094350  268.45222   89.99906   5.4  864.0   8.2   8.3   9.2   0.0   0.0   0.0  278.4  -21.1  632.4   0.0   0.0   0.0   0.0   0.0   0.0
201123094351  268.45222   89.99906   5.4  864.0   8.2   8.3   9.2   0.0   0.0   0.0  278.4  -21.1  632.4   0.0   0.0   0.0   0.0   0.0   0.0
201123094352  268.45222   89.99906   5.4  864.0   8.2   8.3   9.2   0.0   0.0   0.0  278.4  -21.1  632.4   0.0   0.0   0.0   0.0   0.0   0.0
201123094353  268.45222   89.99906   5.4  864.0   8.2   8.3   9.2   0.0   0.0   0.0  278.4  -21.1  632.4   0.0   0.0   0.0   0.0   0.0   0.0
201123094354  268.45222   89.99906   5.4  864.0   8.2   8.3   9.2   0.0   0.0   0.0  278.4  -21.1  632.4   0.0   0.0   0.0   0.0   0.0   0.0
201123094355  268.45222   89.99906   5.4  864.0   8.2   8.3   9.2   0.0   0.0   0.0  278.4  -21.1  632.4   0.0   0.0   0.0   0.0   0.0   0.0
201123094356  268.45222   89.99906   5.4  864.0   8.2   8.3   9.2   0.0   0.0   0.0  278.4  -21.1  632.4   0.0   0.0   0.0   0.0   0.0   0.0
201123094357  268.45222   89.99906   5.4  864.0   8.2   8.3   9.2   0.0   0.0   0.0  278.4  -21.1  632.4   0.0   0.0   0.0   0.0   0.0   0.0
201123094358  268.45222   89.99906   5.4  864.0   8.2   8.3   9.2   0.0   0.0   0.0  278.4  -21.1  632.4   0.0   0.0   0.0   0.0   0.0   0.0
201123094359  268.45222   89.99906   5.4  864.0   8.2   8.3   9.2   0.0   0.0   0.0  278.4  -21.1  632.4   0.0   0.0   0.0   0.0   0.0   0.0
201123094400  268.45222   89.99906   5.4  864.0   8.2   8.3   9.2   0.0   0.0   0.0  278.4  -21.1  632.4   0.0   0.0   0.0   0.0   0.0   0.0
201123094401  268.45222   89.99906   5.4  864.0   8.2   8.3   9.2   0.0   0.0   0.0  278.4  -21.1  632.4   0.0   0.0   0.0   0.0   0.0   0.0
201123094402  268.45222   89.99906   5.4  864.0   8.2   8.3   9.2   0.0   0.0   0.0  278.4  -21.1  632.4   0.0   0.0   0.0   0.0   0.0   0.0
201123094403  268.45222   89.99906   5.4  864.0   8.2   8.3   9.2   0.0   0.0   0.0  278.4  -21.1  632.4   0.0   0.0   0.0   0.0   0.0   0.0
201123094404  268.45222   89.99906   5.4  864.0   8.2   8.3   9.2   0.0   0.0   0.0  278.4  -21.1  632.4   0.0   0.0   0.0   0.0   0.0   0.0
201123094405  268.45222   89.99906   5.4  864.0   8.2   8.3   9.2   0.0   0.0   0.0  278.4  -21.1  632.4   0.0   0.0   0.0   0.0   0.0   0.0
201123094406  268.45222   89.99906   5.4  864.0   8.2   8.3   9.2   0.0   0.0   0.0  278.4  -21.1  632.4   0.0   0.0   0.0   0.0   0.0   0.0
201123094407  268.45222   89.99906   5.4  864.0   8.2   8.3   9.2   0.0   0.0   0.0  278.4  -21.1  632.4   0.0   0.0   0.0   0.0   0.0   0.0
201123094408  268.45222   89.99906   5.4  864.0   8.2   8.3   9.2   0.0   0.0   0.0  278.4  -21.1  632.4   0.0   0.0   0.0   0.0   0.0   0.0
201123094409  268.45222   89.99906   5.4  864.0   8.2   8.3   9.2   0.0   0.0   0.0  278.4  -21.1  632.4   0.0   0.0   0.0   0.0   0.0   0.0
201123094410  268.45222   89.99906   5.4  864.0   8.2   8.3   9.2   0.0   0.0   0.0  278.4  -21.1  632.4   0.0   0.0   0.0   0.0   0.0   0.0
201123094411  268.45222   89.99906   5.4  864.0   8.2   8.3   9.2   0.0   0.0   0.0  278.4  -21.1  632.4   0.0   0.0   0.0   0.0   0.0   0.0
201123094412  268.45222   89.99906   5.4  864.0   8.2   8.3   9.2   0.0   0.0   0.0  278.4  -21.1  632.4   0.0   0.0   0.0   0.0   0.0   0.0
201123094413  268.45222   89.99906   5.4  864.0   8.2   8.3   9.2   0.0   0.0   0.0  278.4  -21.1  632.4   0.0   0.0   0.0   0.0   0.0   0.0
201123094414  268.45222   89.99906   5.4  864.0   8.2   8.3   9.2   0.0   0.0   0.0  278.4  -21.1  632.4   0.0   0.0   0.0   0.0   0.0   0.0
201123094415  268.45222   89.99906   5.4  864.0   8.2   8.3   9.2   0.0   0.0   0.0  278.4  -21.1  632.4   0.0   0.0   0.0   0.0   0.0   0.0
201123094416  268.45222   89.99906   5.4  864.0   8.2   8.3   9.2   0.0   0.0   0.0  278.4  -21.1  632.4   0.0   0.0   0.0   0.0   0.0   0.0
201123094417  268.45222   89.99906   5.4  864.0   8.2   8.3   9.2   0.0   0.0   0.0  278.4  -21.1  632.4   0.0   0.0   0.0   0.0   0.0   0.0
201123094418  268.45222   89.99906   5.4  864.0   8.2   8.3   9.2   0.0   0.0   0.0  278.4  -21.1  632.4   0.0   0.0   0.0   0.0   0.0   0.0
201123094419  268.45222   89.99906   5.4  864.0   8.2   8.3   9.2   0.0   0.0   0.0  278.4  -21.1  632.4   0.0   0.0   0.0   0.0   0.0   0.0
201123094420  268.45222   89.99906   5.4  864.0   8.2   8.3   9.2   0.0   0.0   0.0  278.4  -21.1  632.4   0.0   0.0   0.0   0.0   0.0   0.0
201123094421  268.45222   89.99906   5.4  864.0   8.2   8.3   9.2   0.0   0.0   0.0  278.4  -21.1  632.4   0.0   0.0   0.0   0.0   0.0   0.0
201123094422  268.45222   89.99906   5.4  864.0   8.2   8.3   9.2   0.0   0.0   0.0  278.4  -21.1  632.4   0.0   0.0   0.0   0.0   0.0   0.0
201123094423  268.45222   89.99906   5.4  864.0   8.2   8.3   9.2   0.0   0.0   0.0  278.4  -21.1  632.4   0.0   0.0   0.0   0.0   0.0   0.0
201123094424  268.45222   89.99906   5.4  864.0   8.2   8.3   9.2   0.0   0.0   0.0  278.4  -21.1  632.4   0.0   0.0   0.0   0.0   0.0   0.0
201123094425  268.45222   89.99906   5.4  864.0   8.2   8.3   9.2   0.0   0.0   0.0  278.4  -21.1  632.4   0.0   0.0   0.0   0.0   0.0   0.0
201123094426  268.45222   89.99906   5.4  864.0   8.2   8.3   9.2   0.0   0.0   0.0  278.4  -21.1  632.4   0.0   0.0   0.0   0.0   0.0   0.0
201123094427  268.45222   89.99906   5.4  864.0   8.2   8.3   9.2   0.0   0.0   0.0  278.4  -21.1  632.4   0.0   0.0   0.0   0.0   0.0   0.0
201123094428  268.45222   89.99906   5.4  864.0   8.2   8.3   9.2   0.0   0.0   0.0  278.4  -21.1  632.4   0.0   0.0   0.0   0.0   0.0   0.0
201123094429  268.45222   89.99906   5.4  864.0   8.2   8.3   9.2   0.0   0.0   0.0  278.4  -21.1  632.4   0.0   0.0   0.0   0.0   0.0   0.0
201123094430  268.45222   89.99906   5.4  864.0   8.2   8.3   9.2   0.0   0.0   0.0  278.4  -21.1  632.4   0.0   0.0   0.0   0.0   0.0   0.0
201123094431  268.45222   89.99906   5.4  864.0   8.2   8.3   9.2   0.0   0.0   0.0  278.4  -21.1  632.4   0.0   0.0   0.0   0.0   0.0   0.0
201123094432  268.45222   89.99906   5.4  864.0   8.2   8.3   9.2   0.0   0.0   0.0  278.4  -21.1  632.4   0.0   0.0   0.0   0.0   0.0   0.0
201123094433  268.45222   89.99906   5.4  864.0   8.2   8.3   9.2   0.0   0.0   0.0  278.4  -21.1  632.4   0.0   0.0   0.0   0.0   0.0   0.0
201123094434  268.45222   89.99906   5.4  864.0   8.2   8.3   9.2   0.0   0.0   0.0  278.4  -21.1  632.4   0.0   0.0   0.0   0.0   0.0   0.0
201123094435  268.45222   89.99906   5.4  864.0   8.2   8.3   9.2   0.0   0.0   0.0  278.4  -21.1  632.4   0.0   0.0   0.0   0.0   0.0   0.0
201123094436  268.45222   89.99906   5.4  864.0   8.2   8.3   9.2   0.0   0.0   0.0  278.4  -21.1  632.4   0.0   0.0   0.0   0.0   0.0   0.0
201123094437  268.45222   89.99906   5.4  864.0   8.2   8.3   9.2   0.0   0.0   0.0  278.4  -21.1  632.4   0.0   0.0   0.0   0.0   0.0   0.0
201123094438  268.45222   89.99906   5.4  864.0   8.2   8.3   9.2   0.0   0.0   0.0  278.4  -21.1  632.4   0.0   0.0   0.0   0.0   0.0   0.0
201123094439  268.45222   89.99906   5.4  864.0   8.2   8.3   9.2   0.0   0.0   0.0  278.4  -21.1  632.4   0.0   0.0   0.0   0.0   0.0   0.0
201123094440  268.45222   89.99906   5.4  864.0   8.2   8.3   9.2   0.0   0.0   0.0  278.4  -21.1  632.4   0.0   0.0   0.0   0.0   0.0   0.0
201123094441  268.45222   89.99906   5.4  864.0   8.2   8.3   9.2   0.0   0.0   0.0  278.4  -21.1  632.4   0.0   0.0   0.0   0.0   0.0   0.0
201123094442  268.45222   89.99906   5.4  864.0   8.2   8.3   9.2   0.0   0.0   0.0  278.4  -21.1  632.4   0.0   0.0   0.0   0.0   0.0   0.0
201123094443  268.45222   89.99906   5.4  864.0   8.2   8.3   9.2   0.0   0.0   0.0  278.4  -21.1  632.4   0.0   0.0   0.0   0.0   0.0   0.0
201123094444  268.45222   89.99906   5.4  864.0   8.2   8.3   9.2   0.0   0.0   0.0  278.4  -21.1  632.4   0.0   0.0   0.0   0.0   0.0   0.0
201123094445  268.45222   89.99906   5.4  864.0   8.2   8.3   9.2   0.0   0.0   0.0  278.4  -21.1  632.4   0.0   0.0   0.0   0.0   0.0   0.0
201123094446  268.45222   89.99906   5.4  864.0   8.2   8.3   9.2   0.0   0.0   0.0  278.4  -21.1  632.4   0.0   0.0   0.0   0.0   0.0   0.0
201123094447  268.45222   89.99906   5.4  864.0   8.2   8.3   9.2   0.0   0.0   0.0  278.4  -21.1  632.4   0.0   0.0   0.0   0.0   0.0   0.0
201123094448  268.45222   89.99906   5.4  864.0   8.2   8.3   9.2   0.0   0.0   0.0  278.4  -21.1  632.4   0.0   0.0   0.0   0.0   0.0   0.0
201123094449  268.45222   89.99906   5.4  864.0   8.2   8.3   9.2   0.0   0.0   0.0  278.4  -21.1  632.4   0.0   0.0   0.0   0.0   0.0   0.0
201123094450  268.45222   89.99906   5.4  864.0   8.2   8.3   9.2   0.0   0.0   0.0  278.4  -21.1  632.4   0.0   0.0   0.0   0.0   0.0   0.0
201123094451  268.45222   89.99906   5.4  864.0   8.2   8.3   9.2   0.0   0.0   0.0  278.4  -21.1  632.4   0.0   0.0   0.0   0.0   0.0   0.0
201123094452  268.45222   89.99906   5.4  864.0   8.2   8.3   9.2   0.0   0.0   0.0  278.4  -21.1  632.4   0.0   0.0   0.0   0.0   0.0   0.0
201123094453  268.45222   89.99906   5.4  864.0   8.2   8.3   9.2   0.0   0.0   0.0  278.4  -21.1  632.4   0.0   0.0   0.0   0.0   0.0   0.0
201123094454  268.45222   89.99906   5.4  864.0   8.2   8.3   9.2   0.0   0.0   0.0  278.4  -21.1  632.4   0.0   0.0   0.0   0.0   0.0   0.0
201123094455  268.45222   89.99906   5.4  864.0   8.2   8.3   9.2   0.0   0.0   0.0  278.4  -21.1  632.4   0.0   0.0   0.0   0.0   0.0   0.0
201123094456  268.45222   89.99906   5.4  864.0   8.2   8.3   9.2   0.0   0.0   0.0  278.4  -21.1  632.4   0.0   0.0   0.0   0.0   0.0   0.0
201123094457  268.45222   89.99906   5.4  864.0   8.2   8.3   9.2   0.0   0.0   0.0  278.4  -21.1  632.4   0.0   0.0   0.0   0.0   0.0   0.0
201123094458  268.45222   89.99906   5.4  864.0   8.2   8.3   9.2   0.0   0.0   0.0  278.4  -21.1  632.4   0.0   0.0   0.0   0.0   0.0   0.0
201123094459  268.45222   89.99906   5.4  864.0   8.2   8.3   9.2   0.0   0.0   0.0  278.4  -21.1  632.4   0.0   0.0   0.0   0.0   0.0   0.0
