2022/05/01,00:00:00,0, 3.8,198, +5.1, 8.7,    0,00.0,+00.0,00.0, +4.8, 8.6,865
2022/05/01,00:01:00,0, 4.2,192, +5.3, 8.8,    0,00.0,+00.0,00.0, +4.4, 8.3,865
2022/05/01,00:02:00,0, 3.6,199, +5.1, 8.7,    0,00.0,+00.0,00.0, +5.2, 8.8,865
2022/05/01,00:03:00,0, 5.0,209, +5.3, 8.8,    0,00.0,+00.0,00.0, +4.6, 8.4,865
2022/05/01,00:04:00,0, 4.7,203, +5.2, 8.7,    0,00.0,+00.0,00.0, +4.9, 8.6,865
2022/05/01,00:05:00,0, 5.5,210, +5.2, 8.8,    0,00.0,+00.0,00.0, +4.7, 8.5,865
2022/05/01,00:06:00,0, 5.9,196, +5.2, 8.8,    0,00.0,+00.0,00.0, +4.8, 8.5,865
2022/05/01,00:07:00,0, 4.0,190, +5.3, 8.8,    0,00.0,+00.0,00.0, +4.6, 8.4,865
2022/05/01,00:08:00,0, 4.6,194, +5.3, 8.8,    0,00.0,+00.0,00.0, +4.5, 8.3,864
2022/05/01,00:09:00,0, 4.5,189, +5.0, 8.6,    0,00.0,+00.0,00.0, +4.7, 8.5,864
2022/05/01,00:10:00,0, 4.5,204, +5.5, 8.9,    0,00.0,+00.0,00.0, +4.9, 8.6,865
2022/05/01,00:11:00,0, 4.1,203, +5.1, 8.7,    0,00.0,+00.0,00.0, +4.3, 8.2,865
2022/05/01,00:12:00,0, 6.1,197, +5.5, 8.9,    0,00.0,+00.0,00.0, +4.6, 8.4,864
2022/05/01,00:13:00,0, 6.6,201, +4.9, 8.6,    0,00.0,+00.0,00.0, +4.3, 8.2,864
2022/05/01,00:14:00,0, 6.1,209, +5.0, 8.6,    0,00.0,+00.0,00.0, +4.5, 8.3,864
2022/05/01,00:15:00,0, 6.3,212, +5.0, 8.6,    0,00.0,+00.0,00.0, +4.7, 8.5,864
2022/05/01,00:16:00,0, 5.7,195, +5.3, 8.8,    0,00.0,+00.0,00.0, +4.4, 8.3,864
2022/05/01,00:17:00,0, 5.6,204, +5.1, 8.7,    0,00.0,+00.0,00.0, +4.6, 8.4,865
2022/05/01,00:18:00,0, 5.3,201, +4.8, 8.5,    0,00.0,+00.0,00.0, +4.7, 8.5,865
2022/05/01,00:19:00,0, 6.5,199, +4.8, 8.5,    0,00.0,+00.0,00.0, +4.3, 8.3,865
2022/05/01,00:20:00,0, 5.4,196, +5.1, 8.7,    0,00.0,+00.0,00.0, +4.4, 8.3,864
2022/05/01,00:21:00,0, 5.9,204, +5.0, 8.6,    0,00.0,+00.0,00.0, +4.5, 8.3,864
2022/05/01,00:22:00,0, 7.4,202, +5.2, 8.7,    0,00.0,+00.0,00.0, +4.5, 8.4,864
2022/05/01,00:23:00,0, 5.6,193, +5.0, 8.6,    0,00.0,+00.0,00.0, +4.2, 8.2,864
2022/05/01,00:24:00,0, 5.1,201, +5.3, 8.8,    0,00.0,+00.0,00.0, +4.5, 8.4,865
2022/05/01,00:25:00,0, 5.3,190, +5.1, 8.7,    0,00.0,+00.0,00.0, +4.2, 8.2,865
2022/05/01,00:26:00,0, 6.1,199, +4.9, 8.5,    0,00.0,+00.0,00.0, +4.3, 8.2,865
2022/05/01,00:27:00,0, 4.5,203, +5.2, 8.7,    0,00.0,+00.0,00.0, +4.5, 8.3,865
2022/05/01,00:28:00,0, 5.1,196, +4.7, 8.4,    0,00.0,+00.0,00.0, +4.5, 8.4,865
2022/05/01,00:29:00,0, 4.3,187, +4.8, 8.5,    0,00.0,+00.0,00.0, +4.7, 8.5,865
2022/05/01,00:30:00,0, 5.4,192, +5.1, 8.7,    0,00.0,+00.0,00.0, +4.4, 8.3,865
2022/05/01,00:31:00,0, 4.5,210, +5.1, 8.6,    0,00.0,+00.0,00.0, +4.6, 8.5,865
2022/05/01,00:32:00,0, 4.8,206, +4.9, 8.6,    0,00.0,+00.0,00.0, +4.4, 8.3,865
2022/05/01,00:33:00,0, 5.0,197, +5.0, 8.6,    0,00.0,+00.0,00.0, +4.1, 8.1,865
2022/05/01,00:34:00,0, 4.0,204, +5.3, 8.8,    0,00.0,+00.0,00.0, +4.4, 8.3,865
2022/05/01,00:35:00,0, 5.6,196, +5.0, 8.6,    0,00.0,+00.0,00.0, +4.8, 8.5,865
2022/05/01,00:36:00,0, 2.9,197, +5.3, 8.8,    0,00.0,+00.0,00.0, +4.9, 8.6,865
2022/05/01,00:37:00,0, 5.5,194, +5.2, 8.7,    0,00.0,+00.0,00.0, +4.2, 8.2,865
2022/05/01,00:38:00,0, 5.2,193, +5.0, 8.7,    0,00.0,+00.0,00.0, +4.0, 8.1,865
2022/05/01,00:39:00,0, 4.0,215, +4.9, 8.6,    0,00.0,+00.0,00.0, +4.5, 8.3,865
2022/05/01,00:40:00,0, 2.6,208, +4.9, 8.5,    0,00.0,+00.0,00.0, +4.4, 8.3,865
2022/05/01,00:41:00,0, 4.8,189, +4.8, 8.5,    0,00.0,+00.0,00.0, +4.7, 8.5,864
2022/05/01,00:42:00,0, 4.2,193, +4.9, 8.6,    0,00.0,+00.0,00.0, +4.0, 8.1,864
2022/05/01,00:43:00,0, 3.4,192, +4.9, 8.6,    0,00.0,+00.0,00.0, +4.4, 8.3,864
2022/05/01,00:44:00,0, 2.7,199, +4.8, 8.5,    0,00.0,+00.0,00.0, +4.3, 8.3,864
2022/05/01,00:45:00,0, 4.0,203, +5.0, 8.6,    0,00.0,+00.0,00.0, +4.3, 8.3,865
2022/05/01,00:46:00,0, 3.6,186, +5.0, 8.6,    0,00.0,+00.0,00.0, +4.2, 8.2,865
2022/05/01,00:47:00,0, 4.6,193, +4.6, 8.4,    0,00.0,+00.0,00.0, +4.2, 8.2,865
2022/05/01,00:48:00,0, 3.6,200, +4.9, 8.6,    0,00.0,+00.0,00.0, +4.4, 8.3,865
2022/05/01,00:49:00,0, 2.9,203, +4.7, 8.5,    0,00.0,+00.0,00.0, +4.1, 8.1,865
2022/05/01,00:50:00,0, 5.1,202, +5.0, 8.6,    0,00.0,+00.0,00.0, +4.3, 8.2,865
2022/05/01,00:51:00,0, 4.8,189, +5.0, 8.6,    0,00.0,+00.0,00.0, +4.3, 8.2,865
2022/05/01,00:52:00,0, 3.1,203, +4.8, 8.5,    0,00.0,+00.0,00.0, +4.2, 8.2,865
2022/05/01,00:53:00,0, 3.2,193, +4.9, 8.6,    0,00.0,+00.0,00.0, +4.6, 8.4,865
2022/05/01,00:54:00,0, 2.7,201, +4.9, 8.6,    0,00.0,+00.0,00.0, +4.5, 8.3,865
2022/05/01,00:55:00,0, 2.8,203, +4.5, 8.3,    0,00.0,+00.0,00.0, +4.1, 8.1,864
2022/05/01,00:56:00,0, 2.0,226, +5.1, 8.7,    0,00.0,+00.0,00.0, +4.2, 8.2,864
2022/05/01,00:57:00,0, 4.2,233, +5.1, 8.7,    0,00.0,+00.0,00.0, +4.1, 8.2,865
2022/05/01,00:58:00,0, 3.8,213, +4.9, 8.6,    0,00.0,+00.0,00.0, +4.4, 8.4,865
2022/05/01,00:59:00,0, 5.3,196, +5.0, 8.6,    0,00.0,+00.0,00.0, +4.5, 8.3,865
2022/05/01,01:00:00,0, 3.9,233, +4.6, 8.3,    0,00.0,+00.0,00.0, +4.3, 8.3,865
2022/05/01,01:01:00,0, 6.2,213, +4.9, 8.6,    0,00.0,+00.0,00.0, +3.8, 8.0,865
2022/05/01,01:02:00,0, 3.7,206, +4.8, 8.4,    0,00.0,+00.0,00.0, +4.1, 8.1,865
2022/05/01,01:03:00,0, 5.0,217, +4.6, 8.4,    0,00.0,+00.0,00.0, +4.5, 8.4,865
2022/05/01,01:04:00,0, 3.6,202, +4.7, 8.5,    0,00.0,+00.0,00.0, +3.9, 8.0,865
2022/05/01,01:05:00,0, 5.7,202, +4.7, 8.4,    0,00.0,+00.0,00.0, +4.2, 8.2,865
2022/05/01,01:06:00,0, 4.7,212, +4.6, 8.4,    0,00.0,+00.0,00.0, +4.0, 8.1,865
2022/05/01,01:07:00,0, 4.9,205, +5.0, 8.6,    0,00.0,+00.0,00.0, +4.2, 8.2,865
2022/05/01,01:08:00,0, 3.8,229, +4.8, 8.5,    0,00.0,+00.0,00.0, +4.2, 8.2,865
2022/05/01,01:09:00,0, 4.1,214, +4.7, 8.4,    0,00.0,+00.0,00.0, +4.4, 8.3,865
2022/05/01,01:10:00,0, 4.3,206, +4.6, 8.4,    0,00.0,+00.0,00.0, +4.3, 8.2,865
2022/05/01,01:11:00,0, 4.2,212, +4.8, 8.5,    0,00.0,+00.0,00.0, +4.2, 8.2,865
2022/05/01,01:12:00,0, 4.7,204, +4.7, 8.4,    0,00.0,+00.0,00.0, +3.8, 8.0,865
2022/05/01,01:13:00,0, 5.5,213, +4.8, 8.5,    0,00.0,+00.0,00.0, +4.2, 8.2,864
2022/05/01,01:14:00,0, 5.9,205, +4.7, 8.4,    0,00.0,+00.0,00.0, +4.2, 8.2,864
2022/05/01,01:15:00,0, 4.4,204, +4.5, 8.3,    0,00.0,+00.0,00.0, +4.0, 8.1,864
2022/05/01,01:16:00,0, 3.7,186, +4.7, 8.4,    0,00.0,+00.0,00.0, +4.0, 8.1,864
2022/05/01,01:17:00,0, 5.5,189, +4.6, 8.4,    0,00.0,+00.0,00.0, +4.3, 8.2,864
2022/05/01,01:18:00,0, 5.3,203, +4.7, 8.4,    0,00.0,+00.0,00.0, +4.0, 8.1,864
2022/05/01,01:19:00,0, 5.2,190, +4.8, 8.5,    0,00.0,+00.0,00.0, +4.3, 8.2,864
2022/05/01,01:20:00,0, 6.1,198, +4.9, 8.6,    0,00.0,+00.0,00.0, +4.1, 8.1,864
2022/05/01,01:21:00,0, 4.8,194, +4.7, 8.4,    0,00.0,+00.0,00.0, +4.1, 8.2,864
2022/05/01,01:22:00,0, 4.5,187, +4.8, 8.5,    0,00.0,+00.0,00.0, +3.9, 8.0,864
2022/05/01,01:23:00,0, 3.7,184, +4.7, 8.4,    0,00.0,+00.0,00.0, +4.2, 8.2,864
2022/05/01,01:24:00,0, 5.1,216, +4.5, 8.3,    0,00.0,+00.0,00.0, +3.8, 8.0,864
2022/05/01,01:25:00,0, 3.1,236, +4.9, 8.5,    0,00.0,+00.0,00.0, +4.0, 8.1,864
2022/05/01,01:26:00,0, 1.8,216, +4.8, 8.5,    0,00.0,+00.0,00.0, +4.4, 8.3,864
2022/05/01,01:27:00,0, 3.9,192, +4.8, 8.5,    0,00.0,+00.0,00.0, +4.0, 8.1,864
2022/05/01,01:28:00,0, 3.3,182, +4.7, 8.5,    0,00.0,+00.0,00.0, +4.2, 8.2,864
2022/05/01,01:29:00,0, 4.5,192, +4.7, 8.5,    0,00.0,+00.0,00.0, +4.2, 8.2,864
2022/05/01,01:30:00,0, 2.8,209, +4.5, 8.3,    0,00.0,+00.0,00.0, +4.5, 8.4,864
2022/05/01,01:31:00,0, 3.1,176, +5.0, 8.6,    0,00.0,+00.0,00.0, +3.9, 8.0,864
2022/05/01,01:32:00,0, 1.6,221, +4.6, 8.4,    0,00.0,+00.0,00.0, +4.5, 8.4,864
2022/05/01,01:33:00,0, 4.1,223, +4.7, 8.5,    0,00.0,+00.0,00.0, +4.2, 8.2,864
2022/05/01,01:34:00,0, 3.1,219, +4.8, 8.5,    0,00.0,+00.0,00.0, +3.9, 8.0,864
2022/05/01,01:35:00,0, 3.8,193, +4.7, 8.4,    0,00.0,+00.0,00.0, +3.8, 7.9,864
2022/05/01,01:36:00,0, 3.6,203, +4.4, 8.3,    0,00.0,+00.0,00.0, +3.7, 7.9,864
2022/05/01,01:37:00,0, 2.9,199, +4.8, 8.5,    0,00.0,+00.0,00.0, +4.6, 8.5,864
2022/05/01,01:38:00,0, 2.9,205, +4.6, 8.4,    0,00.0,+00.0,00.0, +4.0, 8.1,864
2022/05/01,01:39:00,0, 2.7,208, +4.4, 8.3,    0,00.0,+00.0,00.0, +4.4, 8.3,864
